%YAML:1.0
---
img1: !!opencv-matrix
   rows: 1
   cols: 8
   dt: f
   data: [ 9.80392173e-02, 1.37254909e-01, 7.35294148e-02,
       2.25490198e-01, 1.10294119e-01, 1.27450988e-01, 9.80392173e-02,
       1.29901960e-01 ]
