%YAML:1.0
---
vocabulary: !!opencv-matrix
   rows: 8
   cols: 128
   dt: f
   data: [ 1.66521740e+01, 1.38636370e+01, 1.66818180e+01,
       2.22806339e+01, 2.84762859e+01, 2.58972340e+01, 2.02826099e+01,
       1.66166019e+01, 4.62628479e+01, 3.28616600e+01, 1.83003960e+01,
       1.77035580e+01, 2.75632420e+01, 2.36185780e+01, 2.14901199e+01,
       2.36047440e+01, 8.37173920e+01, 3.68754959e+01, 1.13418980e+01,
       6.63241148e+00, 9.73320198e+00, 1.29486170e+01, 2.61264839e+01,
       5.04881439e+01, 3.15256939e+01, 1.48003960e+01, 1.01284590e+01,
       8.29841900e+00, 1.46245070e+01, 1.95750999e+01, 3.07608700e+01,
       3.39980240e+01, 2.14249020e+01, 1.55197630e+01, 1.24920950e+01,
       1.54505939e+01, 2.90948620e+01, 4.37707520e+01, 3.26581039e+01,
       2.32035580e+01, 5.75513840e+01, 2.73221359e+01, 1.69367599e+01,
       2.36561279e+01, 4.70158119e+01, 5.10335999e+01, 2.77371559e+01,
       2.22964439e+01, 1.28011856e+02, 4.84249039e+01, 9.46245098e+00,
       6.48814249e+00, 9.05731297e+00, 1.03043480e+01, 1.77628460e+01,
       5.37332039e+01, 4.27371559e+01, 1.52786570e+01, 1.18814230e+01,
       1.62430840e+01, 2.54150200e+01, 2.73656139e+01, 2.82766819e+01,
       2.79802380e+01, 2.41936760e+01, 1.99901199e+01, 1.28873520e+01,
       1.02173920e+01, 2.13142300e+01, 3.95513840e+01, 3.88932838e+01,
       2.86166019e+01, 3.15296459e+01, 1.22687750e+01, 8.00395298e+00,
       1.16185780e+01, 3.96501999e+01, 7.11304398e+01, 6.58557358e+01,
       4.50533600e+01, 1.18071152e+02, 3.97727280e+01, 1.47786570e+01,
       8.18774700e+00, 9.13636398e+00, 1.85474319e+01, 3.59308319e+01,
       7.09090958e+01, 3.66442719e+01, 3.00098820e+01, 2.90652180e+01,
       2.59604759e+01, 2.43498039e+01, 1.64920959e+01, 1.16778660e+01,
       1.49861670e+01, 2.10019779e+01, 1.85474319e+01, 1.41897240e+01,
       1.09090910e+01, 1.35335970e+01, 2.31501980e+01, 2.92885380e+01,
       2.65059299e+01, 2.09940720e+01, 1.97154160e+01, 1.82529659e+01,
       1.73083019e+01, 2.24604759e+01, 3.13359699e+01, 3.63478279e+01,
       3.06304359e+01, 3.68992119e+01, 3.03873539e+01, 2.41264839e+01,
       1.54130440e+01, 1.49367599e+01, 2.03083019e+01, 2.61442699e+01,
       3.04505939e+01, 2.15494080e+01, 2.72944679e+01, 2.61541519e+01,
       1.75118580e+01, 1.42193680e+01, 1.31264830e+01, 1.29387360e+01,
       1.41877480e+01, 3.52362633e+01, 1.80879116e+01, 1.22802200e+01,
       1.80961552e+01, 2.73241768e+01, 8.69230747e+00, 5.46703291e+00,
       8.90384674e+00, 1.06464287e+02, 3.01153851e+01, 8.38736248e+00,
       9.35164833e+00, 1.78434067e+01, 9.71428585e+00, 8.21153831e+00,
       2.85219784e+01, 3.66263733e+01, 1.17747259e+01, 8.27197838e+00,
       2.59587917e+01, 8.09587936e+01, 2.46648350e+01, 9.32967091e+00,
       1.37967033e+01, 3.72582436e+01, 1.56703300e+01, 1.00494509e+01,
       1.69532967e+01, 3.97445068e+01, 1.50961542e+01, 5.32142878e+00,
       8.77747250e+00, 4.88104401e+01, 1.65714283e+01, 1.13186817e+01,
       1.96620884e+01, 3.59313202e+01, 1.24368134e+01, 5.35989046e+00,
       9.95329666e+00, 1.37390106e+02, 2.60192318e+01, 4.83791208e+00,
       7.75000000e+00, 2.10769234e+01, 1.16978025e+01, 8.70604420e+00,
       4.11318703e+01, 4.44560432e+01, 7.69505501e+00, 6.12637377e+00,
       3.52060432e+01, 1.16035721e+02, 4.53022003e+01, 1.17252750e+01,
       1.49038467e+01, 4.37554970e+01, 1.92719784e+01, 1.07417583e+01,
       1.84505501e+01, 4.51730766e+01, 1.80384617e+01, 8.06868172e+00,
       1.28021984e+01, 4.99615402e+01, 1.34862642e+01, 5.98901129e+00,
       1.37252750e+01, 3.78516502e+01, 1.90521984e+01, 9.42857170e+00,
       1.32857141e+01, 1.37689560e+02, 4.02280235e+01, 9.65384674e+00,
       1.19258242e+01, 2.07664833e+01, 6.51923084e+00, 5.01648378e+00,
       2.45851650e+01, 4.49807701e+01, 1.34340658e+01, 1.22142859e+01,
       4.69120903e+01, 1.15615387e+02, 3.31620903e+01, 5.96428585e+00,
       8.28022003e+00, 4.30137367e+01, 1.59835167e+01, 7.66208792e+00,
       1.55824184e+01, 4.54175835e+01, 2.10082417e+01, 1.13076925e+01,
       1.71373634e+01, 3.83351669e+01, 1.22719784e+01, 4.90384626e+00,
       7.09340668e+00, 2.91785717e+01, 1.68296700e+01, 1.12472534e+01,
       1.49258242e+01, 1.08881874e+02, 3.10686817e+01, 7.35439587e+00,
       8.63186836e+00, 1.77032967e+01, 8.73901081e+00, 8.14285755e+00,
       2.67692318e+01, 3.71071434e+01, 1.45686817e+01, 8.52197838e+00,
       2.44065933e+01, 8.13159332e+01, 2.50247250e+01, 8.13736248e+00,
       1.14670334e+01, 3.48983536e+01, 1.09368134e+01, 5.57967043e+00,
       1.28653851e+01, 3.74230766e+01, 1.86923084e+01, 1.09368134e+01,
       1.48571434e+01, 2.12602730e+01, 2.13675785e+01, 2.52694054e+01,
       2.08767109e+01, 1.42990866e+01, 1.17876711e+01, 1.94246559e+01,
       2.13515968e+01, 2.20479450e+01, 2.73744278e+01, 3.26301346e+01,
       2.93310490e+01, 2.27739716e+01, 1.71164379e+01, 2.21780815e+01,
       2.23059349e+01, 3.70410957e+01, 2.75730591e+01, 2.40205479e+01,
       1.97625561e+01, 1.59954329e+01, 1.99063911e+01, 2.30228310e+01,
       2.68424644e+01, 2.09406376e+01, 1.20182648e+01, 1.20136986e+01,
       1.13378992e+01, 1.44908667e+01, 1.99931507e+01, 2.25684929e+01,
       2.26141548e+01, 2.45182648e+01, 2.60570774e+01, 3.82899513e+01,
       3.67237434e+01, 2.34885826e+01, 1.10684929e+01, 1.51141548e+01,
       2.13789940e+01, 2.90365276e+01, 4.06826477e+01, 6.64018250e+01,
       8.08219147e+01, 4.68744278e+01, 1.05958900e+01, 8.94292164e+00,
       1.23904104e+01, 1.15602737e+02, 7.12420044e+01, 3.91780815e+01,
       2.05776253e+01, 1.06598167e+01, 1.05525112e+01, 1.29566202e+01,
       3.27009125e+01, 3.64520531e+01, 1.43127851e+01, 1.05570774e+01,
       1.92031956e+01, 2.47168941e+01, 2.75616436e+01, 2.56598167e+01,
       2.47671223e+01, 2.14041080e+01, 2.32785378e+01, 3.70821915e+01,
       4.81187210e+01, 3.35913239e+01, 1.26917801e+01, 9.31506824e+00,
       1.27785387e+01, 5.77305908e+01, 2.29931488e+01, 3.04086742e+01,
       6.08264809e+01, 5.68584442e+01, 2.01986294e+01, 1.20684929e+01,
       2.16438351e+01, 1.29363007e+02, 5.02853851e+01, 1.49132414e+01,
       1.27168941e+01, 1.14726019e+01, 6.15981722e+00, 7.29223728e+00,
       4.37123260e+01, 4.45867577e+01, 2.38881264e+01, 2.31735153e+01,
       3.03173504e+01, 2.87534237e+01, 1.70639267e+01, 1.07694063e+01,
       1.51369858e+01, 1.61278534e+01, 1.65662098e+01, 2.41050224e+01,
       3.04954319e+01, 3.06826477e+01, 1.89223728e+01, 1.41187210e+01,
       1.07739725e+01, 4.88881264e+01, 2.55456619e+01, 2.02305927e+01,
       2.55684929e+01, 3.40684929e+01, 1.71689491e+01, 1.84200897e+01,
       2.60981731e+01, 9.36598129e+01, 4.96620979e+01, 2.13059349e+01,
       1.27945204e+01, 1.05707760e+01, 6.56620979e+00, 1.03630133e+01,
       3.31598167e+01, 3.28241997e+01, 3.02671223e+01, 2.79771671e+01,
       2.37351589e+01, 2.01757984e+01, 8.72374439e+00, 7.93835592e+00,
       1.36255703e+01, 2.18060989e+01, 1.05904140e+01, 9.01089287e+00,
       1.51960783e+01, 2.24771233e+01, 8.31154633e+00, 5.71023941e+00,
       8.15904140e+00, 7.83965149e+01, 1.89259262e+01, 7.40087128e+00,
       1.05054464e+01, 2.53398685e+01, 9.32461834e+00, 6.04575157e+00,
       1.79542484e+01, 1.52477127e+02, 2.66775589e+01, 2.45098042e+00,
       2.45969486e+00, 5.82352924e+00, 2.14161205e+00, 4.17429161e+00,
       3.91830063e+01, 6.50871429e+01, 1.14880171e+01, 2.87581682e+00,
       4.20479298e+00, 1.27538128e+01, 6.38344193e+00, 7.73638344e+00,
       2.10849667e+01, 2.94814816e+01, 1.19847488e+01, 8.34204769e+00,
       1.30653591e+01, 2.40915031e+01, 1.15054464e+01, 7.38779926e+00,
       1.22222223e+01, 1.01684090e+02, 2.16361656e+01, 8.94771194e+00,
       1.38060999e+01, 3.30326805e+01, 1.28736382e+01, 5.99128532e+00,
       1.62091503e+01, 1.60895416e+02, 3.23180809e+01, 2.76906300e+00,
       3.70370364e+00, 7.11764669e+00, 2.76252723e+00, 3.15904140e+00,
       2.90610008e+01, 8.13224411e+01, 1.32657948e+01, 3.00435734e+00,
